000000462031
000000198489
000000162130
000000435206
000000333745
000000225405
000000085772
000000106757
000000239857
000000072795
000000486040
000000281754
000000575205
000000095899
000000233567
000000012062
000000423519
000000450686
000000263474
000000465675
000000461751
000000344795
000000314182
000000116479
000000446117
000000502732
000000310622
000000153510
000000402765
000000429011
000000127494
000000105264
000000252219
000000351823
000000525322
000000315001
000000125472
000000512564
000000138819
000000455219
000000043737
000000236592
000000476415
000000136772
000000115885
000000491725
000000314294
000000270677
000000314177
000000082180
000000345261
000000338532
000000528578
000000158227
000000088269
000000421060
000000518213
000000471756
000000192191
000000367818
000000206271
000000331569
000000226662
000000323709
000000131556
000000172547
000000433204
000000309452
000000523241
000000320642
000000357501
000000001584
000000512330
000000535094
000000377635
000000140286
000000017115
000000079144
000000144784
000000176232
000000172935
000000377882
000000022589
000000390301
000000347544
000000199310
000000090208
000000155179
000000149222
000000006614
000000502599
000000365642
000000498709
000000260106
000000348708
000000119445
000000445675
000000201676
000000559547
000000406611
000000235784
000000187362
000000215778
000000101884
000000572303
000000037689
000000118515
000000443498
000000066523
000000445658
000000102820
000000162581
000000255912
000000164883
000000497568
000000224119
000000039769
000000306437
000000056288
000000516143
000000328430
000000508602
000000011051
000000073946
000000053994
000000577862
000000466602
000000523811
000000214753
000000118209
000000023034
000000421834
000000007818
000000174482
000000113051
000000524280
000000176778
000000511321
000000058384
000000094157
000000203639
000000578093
000000471869
000000296224
000000214192
000000377486
000000382009
000000171050
000000437205
000000173044
000000361919
000000126216
000000006894
000000287714
000000110638
000000405972
000000214869
000000228981
000000292415
000000068933
000000173091
000000385205
000000198915
000000383838
000000100510
000000178028
000000126110
000000003255
000000073118
000000553221
000000042296
000000561256
000000061584
000000106912
000000326128
000000466416
000000049060
000000350002
000000482477
000000149770
000000282046
000000111179
000000125257
000000540280
000000471789
000000357941
000000442306
000000365385
000000579818
000000393226
000000468577
000000447789
000000314034
000000008021
000000284743
000000556193
000000243495
000000231237
000000273715
000000046463
000000288882
000000439715
000000369675
000000211120
000000499109
000000459467
000000431545
000000252716
000000551794
000000248752
000000387383
000000576955
000000520301
000000377497
000000358195
000000402096
000000192607
000000359855
000000235064
000000192716
000000065798
000000044195
000000234607
000000121031
000000113354
000000541291
000000118921
000000086220
000000184400
000000284991
000000439623
000000416170
000000019924
000000088970
000000081594
000000405279
000000058655
000000156372
000000159311
000000407960
000000464144
000000044652
000000061747
000000407083
000000261097
000000520324
000000447611
000000010995
000000084477
000000052413
000000546829
000000222455
000000261712
000000063552
000000471087
000000306136
000000240754
000000258388
000000097278
000000408112
000000050828
000000142790
000000002153
000000140583
000000135670
000000474881
000000163290
000000217285
000000297022
000000252701
000000443303
000000361730
000000454661
000000363875
000000246963
000000131938
000000453841
000000097679
000000343149
000000320232
000000361268
000000299720
000000271457
000000064462
000000225670
000000286523
000000279714
000000441491
000000052891
000000553990
000000109916
000000320696
000000161861
000000050326
000000386879
000000003156
000000356347
000000134886
000000243344
000000324158
000000170613
000000560279
000000472623
000000425925
000000336658
000000284282
000000378284
000000320706
000000531495
000000016010
000000485480
000000095843
000000541634
000000204329
000000490171
000000463174
000000116068
000000453166
000000220764
000000164637
000000556158
000000229753
000000578545
000000493772
000000205401
000000445602
000000307598
000000338191
000000240940
000000365886
000000576031
000000085682
000000028452
000000549738
000000488385
000000356125
000000476491
000000428218
000000093717
000000025139
000000399462
000000091921
000000439290
000000210299
000000322574
000000568147
000000026926
000000304817
000000409867
000000456292
000000425906
000000570539
000000390826
000000140270
000000300842
000000290768
000000140840
000000555005
000000179765
000000051598
000000344059
000000135902
000000573258
000000066841
000000182202
000000517523
000000217957
000000050165
000000237316
000000404923
000000341973
000000022479
000000457262
000000349837
000000338901
000000309484
000000186282
000000251824
000000384666
000000450100
000000058393
000000048924
000000140556
000000414676
000000562581
000000477955
000000482978
000000294855
000000009483
000000026690
000000581615
000000127987
000000236166
000000216739
000000060507
000000393838
000000034873
000000001675
000000042563
000000157807
000000542423
000000117525
000000370999
000000148620
000000182805
000000153217
000000352582
000000507893
000000023751
000000273493
000000464689
000000351096
000000458223
000000213830
000000289393
000000199055
000000334006
000000191471
000000407518
000000133418
000000349678
000000025560
000000540928
000000400794
000000041990
000000094852
000000025057
000000037988
000000407943
000000407002
000000040757
000000447314
000000096493
000000292060
000000105014
000000227686
000000188465
000000017031
000000342971
000000319534
000000471567
000000250205
000000454798
000000172649
000000001490
000000199681
000000125952
000000505565
000000486573
000000396518
000000259571
000000007888
000000151962
000000325306
000000223789
000000528980
000000519491
000000360661
000000394199
000000128675
000000180383
000000289516
000000199236
000000209829
000000314709
000000015338
000000140203
000000166165
000000325991
000000047740
000000354307
000000529762
000000296284
000000089271
000000451144
000000317999
000000315450
000000287527
000000228771
000000100283
000000520871
000000565877
000000486479
000000571943
000000132116
000000578967
000000185250
000000376278
000000122046
000000141597
000000403584
000000494427
000000537153
000000248112
000000009769
000000146831
000000563349
000000205542
000000445439
000000431140
000000407650
000000304812
000000384808
000000439525
000000253433
000000163562
000000532058
000000380203
000000472298
000000573943
000000188592
000000535578
000000145620
000000006040
000000001425
000000386457
000000460927
000000445365
000000254016
000000063965
000000253386
000000222559
000000449996
000000009378
000000270402
000000229216
000000175535
000000469246
000000019221
000000560312
000000185292
000000083113
000000467848
000000001761
000000448448
000000505169
000000249786
000000476514
000000479912
000000030494
000000519338
000000550714
000000070158
000000008629
000000551804
000000399560
000000455352
000000174004
000000565624
000000271997
000000502737
000000254368
000000166287
000000003501
000000165351
000000122606
000000445999
000000308531
000000355677
000000090108
000000569972
000000530457
000000451879
000000181499
000000140929
000000248111
000000262487
000000020107
000000292005
000000372203
000000099810
000000006723
000000030785
000000364557
000000334977
000000186637
000000429623
000000272148
000000109976
000000138856
000000047571
000000253695
000000573391
000000400044
000000158945
000000128699
000000549674
000000503841
000000480275
000000541664
000000356498
000000483050
000000031817
000000311909
000000147223
000000417779
000000272212
000000329542
000000434996
000000314541
000000324614
000000442480
000000185599
000000320664
000000264535
000000004395
000000332318
000000466156
000000127624
000000170191
000000451043
000000353051
000000350405
000000057027
000000286849
000000286994
000000403817
000000159791
000000383621
000000099054
000000581317
000000412240
000000424551
000000066635
000000023666
000000383384
000000556498
000000523782
000000501368
000000313783
000000039484
000000574810
000000433192
000000123480
000000190853
000000022192
000000129756
000000305309
000000414638
000000269113
000000210388
000000108495
000000546659
000000207306
000000046378
000000298697
000000455301
000000139883
000000420472
000000407403
000000031620
000000360097
000000196009
000000493334
000000079651
000000456496
000000239773
000000440617
000000098716
000000498286
000000350607
000000562843
000000098839
000000166768
000000221017
000000046252
000000298904
000000078032
000000471991
000000269632
000000188439
000000499266
000000036660
000000186873
000000320554
000000026465
000000222118
000000336209
000000276707
000000502168
000000294162
000000176634
000000497867
000000386134
000000124975
000000179653
000000438017
000000041888
000000577735
000000466339
000000155291
000000127955
000000249643
000000370818
000000366199
000000206411
000000566042
000000312278
000000083172
000000475904
000000243034
000000167240
000000459757
000000066817
000000052007
000000323571
000000024021
000000188906
000000418281
000000260266
000000347163
000000293300
000000302882
000000491470
000000451571
000000261982
000000263594
000000263969
000000444275
000000410878
000000063154
000000101022
000000106881
000000232692
000000493799
000000162415
000000289059
000000436738
000000522751
000000034257
000000081061
000000067896
000000275392
000000024919
000000512403
000000031322
000000432898
000000344614
000000476258
000000445248
000000018833
000000151662
000000011615
000000017178
000000125245
000000302760
000000351331
000000173033
000000569825
000000272416
000000396200
000000329319
000000125211
000000049761
000000086483
000000276804
000000500716
000000576052
000000491613
000000297353
000000292997
000000278973
000000118405
000000450439
000000284296
000000206218
000000536038
000000065485
000000204186
000000079188
000000251537
000000073153
000000110449
000000528705
000000290833
000000223188
000000181303
000000347664
000000534673
000000109118
000000507015
000000474078
000000389451
000000398237
000000169076
000000111207
000000221693
000000431693
000000414034
000000437331
000000177539
000000020553
000000370900
000000465836
000000274066
000000333956
000000042889
000000088250
000000052462
000000362520
000000296317
000000112110
000000310980
000000386277
000000311928
000000133631
000000480985
000000491130
000000176701
000000221291
000000167122
000000401250
000000020571
000000431896
000000347265
000000206838
000000152686
000000512836
000000427338
000000297830
000000104782
000000314264
000000049259
000000267903
000000084362
000000177714
000000327592
000000465129
000000088462
000000270908
000000016451
000000288391
000000119365
000000463522
000000486112
000000294831
000000321790
000000345385
000000197004
000000409542
000000133778
000000340451
000000393115
000000066561
000000184791
000000179214
000000205324
000000341094
000000470121
000000157213
000000060855
000000149622
000000241668
000000490515
000000285047
000000516173
000000257624
000000557916
000000060835
000000370813
000000392818
000000311789
000000577539
000000227482
000000526751
000000394510
000000517832
000000406129
000000318908
000000267169
000000060347
000000579307
000000539883
000000544811
000000095786
000000171788
000000321118
000000298994
000000568690
000000420230
000000545730
000000361551
000000531771
000000154705
000000293474
000000121591
000000537355
000000183500
000000046872
000000094944
000000058705
000000567886
000000214224
000000042888
000000516318
000000364297
000000060363
000000042102
000000323751
000000481159
000000299887
000000563604
000000109900
000000560011
000000029675
000000537812
000000334767
000000180792
000000157847
000000530466
000000364166
000000123213
000000266409
000000117719
000000039480
000000575357
000000343706
000000148783
000000131431
000000002592
000000005586
000000130566
000000318080
000000169169
000000459272
000000250758
000000429718
000000485972
000000249550
000000263860
000000163682
000000547886
000000201934
000000562243
000000210099
000000051314
000000475223
000000560911
000000577959
000000441286
000000134112
000000303863
000000109827
000000309467
000000397327
000000453981
000000096001
000000279769
000000223747
000000417911
000000330554
000000357081
000000074092
000000201072
000000443844
000000539143
000000189226
000000251065
000000312406
000000157098
000000370208
000000458755
000000188689
000000387148
000000302107
000000557501
000000164602
000000373705
000000488710
000000562197
000000060886
000000161799
000000436551
000000545958
000000452084
000000177935
000000455981
000000500613
000000038118
000000570448
000000203294
000000549136
000000004495
000000212453
000000173383
000000404479
000000166563
000000417043
000000429761
000000485895
000000375015
000000566282
000000418696
000000228942
000000415238
000000127476
000000376365
000000147498
000000168330
000000500565
000000121242
000000229311
000000094614
000000088345
000000031118
000000022935
000000364884
000000239274
000000207728
000000170278
000000120584
000000068387
000000507667
000000395903
000000403565
000000224093
000000194471
000000119641
000000185950
000000056344
000000243867
000000404601
000000286907
000000286422
000000183246
000000427997
000000458255
000000043314
000000489046
000000449406
000000351559
000000185157
000000142472
000000403353
000000311303
000000000776
000000032941
000000524850
000000557172
000000338625
000000138550
000000550939
000000001532
000000532481
000000460379
000000178982
000000070229
000000168974
000000446574
000000252559
000000248631
000000235241
000000091619
000000350488
000000154947
000000203546
000000372307
000000080022
000000039914
000000530099
000000267351
000000230819
000000535858
000000261706
000000561366
000000379332
000000153568
000000085576
000000535156
000000226883
000000468925
000000327306
000000312213
000000046804
000000521141
000000144706
000000364587
000000244592
000000242411
000000547519
000000428454
000000540466
000000352618
000000115946
000000509824
000000477118
000000259097
000000015597
000000255718
000000108244
000000511647
000000239041
000000219440
000000533493
000000546717
000000345469
000000237864
000000195045
000000032735
000000191614
000000261535
000000438304
000000250619
000000311295
000000472030
000000378099
000000381639
000000183675
000000426836
000000359540
000000172330
000000297427
000000008899
000000348243
000000426372
000000274687
000000079031
000000367195
000000526197
000000579091
000000261732
000000225532
000000569273
000000480212
000000234779
000000384350
000000268831
000000130465
000000082765
000000329614
000000028809
000000229221
000000245513
000000526706
000000496597
000000504389
000000273712
000000001503
000000363072
000000451084
000000383606
000000321887
000000017436
000000368752
000000482970
000000079837
000000027768
000000060770
000000433243
000000133343
000000419098
000000007088
000000344100
000000329219
000000199442
000000353970
000000142092
000000563281
000000234807
000000433915
000000356968
000000230166
000000442746
000000371042
000000571008
000000251119
000000212166
000000463802
000000022705
000000318114
000000394328
000000263644
000000266082
000000511398
000000317433
000000226802
000000412286
000000172856
000000262587
000000464251
000000561009
000000168619
000000412887
000000479596
000000392228
000000165336
000000000724
000000509258
000000489339
000000281447
000000052507
000000313588
000000180188
000000140420
000000335450
000000086755
000000023937
000000064499
000000345941
000000549167
000000089880
000000184324
000000266892
000000310862
000000575815
000000135604
000000047801
000000571857
000000023126
000000112298
000000216516
000000535306
000000447313
000000348045
000000357238
000000163057
000000205282
000000050145
000000222235
000000170893
000000148730
000000348881
000000289222
000000195842
000000137950
000000492992
000000548555
000000411953
000000036861
000000313182
000000046497
000000377575
000000055528
000000260925
000000111609
000000402774
000000243626
000000311883
000000183716
000000162366
000000031749
000000400922
000000478420
000000297698
000000321557
000000301061
000000092839
000000521405
000000071756
000000194506
000000332901
000000327780
000000074646
000000338718
000000041633
000000299609
000000532129
000000416269
000000048564
000000029984
000000423104
000000007281
000000295797
000000150726
000000190676
000000095069
000000064495
000000239843
000000235399
000000187055
000000072813
000000114884
000000426268
000000170595
000000163746
000000543300
000000512776
000000094336
000000151857
000000047010
000000126592
000000546626
000000553788
000000553776
000000530820
000000364102
000000456662
000000532855
000000087038
000000058350
000000017379
000000255749
000000288042
000000050679
000000366178
000000018519
000000331604
000000516804
000000238013
000000205289
000000253819
000000294163
000000448810
000000327605
000000458992
000000119233
000000203317
000000257865
000000423229
000000030828
000000283520
000000373315
000000127135
000000101420
000000493905
000000268996
000000151629
000000481404
000000472375
000000268375
000000311394
000000051610
000000017207
000000521540
000000134034
000000468124
000000411665
000000146489
000000384670
000000513181
000000288062
000000172083
000000420281
000000280779
000000347456
000000232244
000000509403
000000442661
000000037751
000000153632
000000128658
000000209753
000000537827
000000440171
000000120572
000000045472
000000027932
000000281032
000000296231
000000028449
000000385190
000000499313
000000437110
000000028285
000000305317
000000337987
000000223130
000000557672
000000236784
000000227491
000000422836
000000364126
000000428111
000000568981
000000204871
000000078915
000000034205
000000015497
000000459153
000000543528
000000158548
000000347930
000000383676
000000032038
000000481480
000000031050
000000417285
000000014473
000000491757
000000319100
000000331075
000000402720
000000000785
000000350023
000000427500
000000316054
000000424975
000000001296
000000322844
000000104455
000000299553
000000416837
000000407868
000000175443
000000218424
000000414385
000000252332
000000361621
000000466256
000000190756
000000013004
000000229858
000000051008
000000522713
000000521231
000000128112
000000496571
000000064718
000000415990
000000344611
000000324715
000000167159
000000023781
000000558213
000000019042
000000078426
000000323895
000000217872
000000527029
000000244411
000000330369
000000189698
000000089697
000000564280
000000486046
000000272136
000000031093
000000279774
000000196759
000000079229
000000120777
000000283268
000000342006
000000397351
000000187745
000000374551
000000257169
000000130386
000000545007
000000079565
000000167902
000000153299
000000312340
000000156292
000000375493
000000289960
000000043581
000000252776
000000269682
000000121586
000000442009
000000152120
000000157756
000000024027
000000055950
000000122969
000000396580
000000463842
000000464522
000000104119
000000006818
000000434230
000000157365
000000186042
000000261796
000000417465
000000200839
000000353027
000000013291
000000221754
000000349594
000000099182
000000098520
000000424521
000000514540
000000018575
000000574425
000000506933
000000489014
000000371749
000000464089
000000166509
000000102707
000000099114
000000193494
000000038576
000000434297
000000315219
000000163314
000000507235
000000207538
000000118367
000000359135
000000577584
000000154339
000000459195
000000051326
000000247838
000000170474
000000429530
000000340272
000000410510
000000110884
000000065074
000000447917
000000057760
000000562229
000000500477
000000158956
000000210520
000000283412
000000224200
000000434479
000000287667
000000059920
000000039670
000000340015
000000029640
000000033005
000000258793
000000369771
000000333237
000000308165
000000267946
000000506279
000000490470
000000099024
000000432468
000000230983
000000236730
000000145665
000000455267
000000378139
000000478721
000000105923
000000509008
000000090284
000000108440
000000068833
000000496954
000000212559
000000308193
000000159977
000000276720
000000322829
000000304291
000000015278
000000580757
000000199551
000000157138
000000523194
000000355240
000000154431
000000149406
000000292330
000000219578
000000032081
000000480944
000000469174
000000005503
000000530470
000000366611
000000236308
000000516871
000000234660
000000030504
000000139872
000000017029
000000291490
000000427649
000000210915
000000255483
000000560880
000000109992
000000081394
000000544565
000000562448
000000209757
000000138954
000000504415
000000033114
000000272364
000000161397
000000104803
000000132587
000000129054
000000191672
000000021839
000000307658
000000430961
000000437392
000000078170
000000176901
000000258541
000000022371
000000029397
000000174231
000000236426
000000198805
000000068286
000000325114
000000459396
000000039405
000000308430
000000036678
000000564023
000000145781
000000405205
000000002923
000000360137
000000261036
000000116825
000000053909
000000482800
000000034452
000000418961
000000255965
000000357748
000000541123
000000263299
000000217948
000000514508
000000023272
000000005060
000000372577
000000550471
000000252507
000000368038
000000216296
000000071938
000000454978
000000072852
000000521717
000000000802
000000371472
000000339823
000000370375
000000466567
000000528977
000000002473
000000449603
000000264441
000000309391
000000409358
000000284279
000000378454
000000390902
000000513524
000000138115
000000194216
000000536343
000000324927
000000572408
000000555012
000000003553
000000388258
000000088218
000000442993
000000262895
000000325527
000000474164
000000344029
000000260105
000000085195
000000405432
000000267933
000000316666
000000069138
000000332455
000000119088
000000201646
000000319696
000000003661
000000351362
000000438876
000000042528
000000170116
000000189451
000000546011
000000433515
000000485071
000000347335
000000293044
000000554595
000000389197
000000133087
000000528314
000000117197
000000098261
000000190648
000000415536
000000423798
000000356261
000000017905
000000116589
000000468245
000000113403
000000020059
000000481573
000000141671
000000102356
000000284762
000000078404
000000463037
000000290081
000000304396
000000440336
000000527616
000000206025
000000406417
000000075393
000000105249
000000552775
000000565962
000000491071
000000163258
000000381360
000000423506
000000239318
000000139260
000000222735
000000424135
000000018737
000000293245
000000550426
000000129416
000000167067
000000423944
000000425702
000000012280
000000454404
000000578792
000000326627
000000128748
000000186938
000000014439
000000558558
000000053529
000000124798
000000142971
000000205105
000000261888
000000217425
000000563758
000000190637
000000535608
000000315257
000000475732
000000544519
000000435299
000000519688
000000148739
000000147745
000000380711
000000091495
000000465430
000000084752
000000210708
000000012639
000000257896
000000049091
000000369541
000000346905
000000249180
000000370677
000000505573
000000571264
000000488664
000000193717
000000176847
000000355169
000000163257
000000478286
000000193429
000000407298
000000023230
000000407646
000000536073
000000066706
000000177213
000000429281
000000133645
000000414170
000000246454
000000027696
000000135890
000000222458
000000163118
000000357459
000000561679
000000162035
000000417876
000000308793
000000261318
000000016598
000000058111
000000038070
000000134322
000000516038
000000061960
000000297147
000000053505
000000559099
000000335658
000000207585
000000154087
000000042628
000000575372
000000246883
000000560474
000000025228
000000016439
000000416256
000000095155
000000559160
000000239347
000000192964
000000452891
000000159684
000000410735
000000193884
000000154213
000000237984
000000073533
000000011760
000000319721
000000206579
000000534601
000000362682
000000209747
000000322968
000000071711
000000119911
000000144984
000000167128
000000170099
000000370478
000000451714
000000230008
000000267300
000000276284
000000393282
000000226408
000000462576
000000051712
000000030675
000000090062
000000082807
000000138979
000000080671
000000151051
000000084664
000000475191
000000449909
000000050638
000000052565
000000367228
000000558421
000000450075
000000503755
000000012120
000000318138
000000360393
000000173830
000000000632
000000057244
000000067310
000000530624
000000134856
000000127530
000000475779
000000177383
000000171298
000000035197
000000124636
000000384136
000000509699
000000365655
000000565778
000000161128
000000343453
000000221213
000000427055
000000376625
000000568814
000000404128
000000345027
000000018770
000000104198
000000005600
000000229849
000000067180
000000166642
000000542856
000000094185
000000182441
000000215644
000000464872
000000312489
000000172396
000000148957
000000212226
000000140439
000000331317
000000114871
000000275058
000000491683
000000165039
000000110211
000000416330
000000499622
000000068628
000000459634
000000076417
000000106281
000000336265
000000110282
000000559707
000000518326
000000427077
000000251572
000000510095
000000508639
000000221281
000000055299
000000516601
000000080057
000000263463
000000179265
000000515828
000000144798
000000080274
000000132408
000000312720
000000404568
000000475150
000000394559
000000104603
000000104572
000000311190
000000392933
000000273232
000000031217
000000323828
000000074457
000000270705
000000568213
000000061268
000000349302
000000045596
000000533958
000000007991
000000297343
000000311518
000000482487
000000309655
000000416745
000000275727
000000365098
000000169356
000000259382
000000088265
000000433980
000000393469
000000138492
000000271402
000000521052
000000396205
000000066135
000000241326
000000481413
000000474854
000000149375
000000293071
000000311180
000000018193
000000359781
000000005037
000000365207
000000130586
000000213035
000000375469
000000082986
000000306893
000000357430
000000416758
000000016502
000000051938
000000468233
000000101068
000000460967
000000430875
000000138639
000000402433
000000410934
000000096427
000000307172
000000106048
000000033854
000000159458
000000430048
000000263966
000000308476
000000025424
000000109441
000000216277
000000482275
000000291619
000000261161
000000240767
000000348488
000000213593
000000036539
000000015660
000000083540
000000223738
000000504711
000000474293
000000152214
000000206831
000000446703
000000401991
000000514586
000000033759
000000216419
000000504589
000000567197
000000517687
000000457848
000000442456
000000460347
000000532493
000000343315
000000469067
000000093261
000000076731
000000152771
000000193348
000000171611
000000398028
000000391290
000000100489
000000435205
000000073326
000000512248
000000125806
000000087742
000000328337
